Experiment 2 — Minimax depth scaling
============================================================

Elo per depth (relative to d=4):
evaluator  depth    elo
     TRAD      2 -256.3
     TRAD      3 -189.6
     TRAD      4    0.0
     TRAD      5  341.0
       NN      2   46.5
       NN      3 -275.9
       NN      4    0.0
       NN      5  256.7

Per-(evaluator, depth) metrics:
evaluator  depth  time_s_mean  time_s_std  time_s_count  nodes_searched_mean  nodes_searched_std  nodes_searched_count  depth_completed_mean  depth_completed_std  depth_completed_count  tt_hit_rate_mean  tt_hit_rate_std  tt_hit_rate_count  tt_cutoff_rate_mean  tt_cutoff_rate_std  tt_cutoff_rate_count  nmp_success_rate_mean  nmp_success_rate_std  nmp_success_rate_count  ebf_mean_mean  ebf_mean_std  ebf_mean_count  nmp_cutoffs_mean  nmp_cutoffs_std  nmp_cutoffs_count  rfp_cutoffs_mean  rfp_cutoffs_std  rfp_cutoffs_count  futility_prunes_mean  futility_prunes_std  futility_prunes_count  lmp_prunes_mean  lmp_prunes_std  lmp_prunes_count  see_prunes_mean  see_prunes_std  see_prunes_count  check_extensions_mean  check_extensions_std  check_extensions_count  qs_nodes_mean  qs_nodes_std  qs_nodes_count  qs_max_depth_mean  qs_max_depth_std  qs_max_depth_count
       NN      2     3.726482    3.102558          1493           138.401206          103.982581                  1493                   2.0                  0.0                   1493          0.026780         0.077339               1493             0.170803            0.327383                  1493               0.000000              0.000000                    1493       3.855693      4.184745            1493          0.000000         0.000000               1493         13.882117        14.087891               1493              4.944407            11.280734                   1493        75.280643       70.518852              1493         7.785666       12.462636              1493              12.961152             22.453224                    1493     138.064300    127.908610            1493           3.196919          1.883345                1493
       NN      3     9.445550    9.163359          1382           377.905210          279.061511                  1382                   3.0                  0.0                   1382          0.053990         0.099282               1382             0.388689            0.399420                  1382               0.000000              0.000000                    1382       5.040492      7.364316            1382          0.000000         0.000000               1382         35.524602        31.149527               1382             26.989146            41.043122                   1382       723.141100      764.540409              1382        36.010854       51.088534              1382              44.481910             61.552701                    1382     311.922576    302.458515            1382           3.514472          1.885808                1382
       NN      4    49.492911   56.514271          1602          1685.618602         2523.974048                  1602                   4.0                  0.0                   1602          0.062462         0.081955               1602             0.534064            0.278680                  1602               0.345507              0.266647                    1602       7.483733     14.663469            1602          9.120474         9.578296               1602        159.804619       119.609363               1602            159.099251           195.364371                   1602      2985.935081     2994.986045              1602       178.565543      233.811294              1602             235.197253            389.776817                    1602    1248.451311   1945.758902            1602           4.332085          1.883445                1602
       NN      5   133.688978  116.033276          1372          8535.497085        22601.539558                  1372                   5.0                  0.0                   1372          0.074880         0.083419               1372             0.650445            0.216964                  1372               0.428529              0.202682                    1372      20.784672     83.350730            1372         57.586006        52.500959               1372        663.884111       535.074716               1372            661.836735          1501.236475                   1372     14961.553936    36715.666005              1372       676.991983      764.725284              1372            1905.014577          10571.982008                    1372    6139.282799  16623.319410            1372           5.357143          2.015078                1372
     TRAD      2     0.097999    0.105408          1024           153.360352          108.829056                  1024                   2.0                  0.0                   1024          0.059188         0.131854               1024             0.190002            0.341887                  1024               0.000000              0.000000                    1024       5.386670      5.118880            1024          0.000000         0.000000               1024          7.167969        10.721349               1024              4.145508            10.450803                   1024        71.631836       78.934536              1024         8.813477       14.147988              1024              16.718750             20.634202                    1024     284.559570    386.773672            1024           4.847656          2.422248                1024
     TRAD      3     0.208251    0.265439          1409           426.536551          400.260049                  1409                   3.0                  0.0                   1409          0.090581         0.131444               1409             0.441226            0.391284                  1409               0.000000              0.000000                    1409       5.068233      5.096710            1409          0.000000         0.000000               1409         22.599006        28.444903               1409             65.089425            92.305434                   1409       655.551455      750.802362              1409        35.017033       49.375644              1409              74.068843            145.791527                    1409     536.253371    878.745710            1409           4.840312          2.311820                1409
     TRAD      4     0.614539    0.606260          1396          1538.599570         1502.467077                  1396                   4.0                  0.0                   1396          0.096924         0.129947               1396             0.586620            0.292960                  1396               0.325907              0.304313                    1396       9.787135     26.827178            1396         11.060172        13.189356               1396         93.636103       100.977605               1396            333.270057           471.572026                   1396      2437.840974     3217.395339              1396       125.382521      195.823254              1396             234.530802            330.494552                    1396    1518.126791   1669.466917            1396           5.265759          2.247484                1396
     TRAD      5     3.510743    4.749912          1242          8925.542673        16567.379661                  1242                   5.0                  0.0                   1242          0.097151         0.105822               1242             0.640922            0.227557                  1242               0.453521              0.227227                    1242      20.240717     67.139230            1242         79.673913        71.464878               1242        526.574074       633.745283               1242           2358.425121          5209.138903                   1242     15784.776167    23618.181252              1242       797.513688     1036.226466              1242            1874.636071           6111.773634                    1242    8736.799517  13962.702364            1242           6.421900          2.151199                1242
